19
2
trillion
2016
23
12
4.5
million
one
2,300
2,000
two
four
1978
zero
18
20
5.6
21
30
29
39
49
55
5
billion
3
three
16
1.3
five
15
1290
1
2.5
400
26th
25
9
240
500
4
10
40
8,737,540,00
8
24
72
21.6
153
2001
30,000
2009
2013
550
1,000
750,000
145
58,000
33,000
100
2nd
4.0
90
2011
25,000
113
8th
11
620,000
hundred
300,000
287
5,000
16,500
2014
six
9/11
380
100,000
seven
2008
13,000
323
2012
eight
nine
62
59
1965
2015
35
50
27
2002
2010
17
1st
1989
22
800
1997
1993
1947
3.5
45
7
2205
201
301
1974
232
1962
58
35,000
20,000
9,000
10,000
