1
100
3
5
15
2
3+2=5
28
7
10
4
6
Two
1/2
2/3
1.05
1.55
0.02
4.26
0.45
0.10
1.28
1.76
0.03
24.3
0.05
0.52
45429
20.0
0.42
75.6
167.51
533.04
99.37
235.36
3408496094/3408541521
35.05
81.63
1704248047/1704293468
0.00
1704248047/2523092351
3.8
3.83
0.54
0.09
8000
two
one
'd
.cc
0
2i+1
2i+2
One
8:30
11:00
2.84
3.
4.
12.4
14.3
6.86
6.56
1.
2.
85
45,000
231,000,000,000
15.5
6.14
2.11
three
326
five
14872
42.3482
8311
40.2782
0.1167
0.0852
0.0801
0.0760
0.0626
6561
44.4181
0.1082
0.1018
0.0806
0.0759
0.0734
16848
43.4245
12174
38.9955
0.2243
0.1733
0.1719
0.1232
0.0923
4674
47.8534
0.1863
0.1771
0.1739
0.0849
0.0562
8
11
17
12
31
